ModelWeb Browser Results

nrlmsise model listing
Required input parameters
Year= 2000, Month=  6, Day= 21, Hour=12.00,
Time_type = Universal
Coordinate_type = Geographic
Latitude=    0.00, Longitude=    0.00, Height=   100.00
Prof. parameters: Start=    70.00 Stop=  1000.00 Step=     5.00

Optional input parameters:

Sunspot number(Rz12) =220.
Ionospheric index(IG12) =220.
Upper limit for Electron content = not specified
F peak model =  
Ne Topside =  
foF2 Storm model =  
Bottomside Thickness =  
F1 occurrence probability =  
D-Region Ne =  
Topside Te =  
Ion Composition =  

Selected output parameters:
1  Height, km
2  O, cm-3 
3  N2, cm-3
4  O2, cm-3
5  Temperature_neutral, K

1         2         3         4         5         
   70.0  0.000E+00  1.384E+15  3.566E+14  214.8
   75.0  5.781E+07  6.489E+14  1.632E+14  207.2
   80.0  3.400E+09  2.964E+14  7.253E+13  201.1
   85.0  5.749E+10  1.328E+14  3.128E+13  194.2
   90.0  2.788E+11  5.836E+13  1.303E+13  185.2
   95.0  5.187E+11  2.469E+13  5.112E+12  176.1
  100.0  5.069E+11  9.692E+12  1.804E+12  176.9
  105.0  3.479E+11  3.620E+12  5.854E+11  198.3
  110.0  2.130E+11  1.423E+12  1.957E+11  241.1
  115.0  1.318E+11  6.310E+11  7.328E+10  299.8
  120.0  8.474E+10  3.147E+11  3.099E+10  373.2
  125.0  5.723E+10  1.743E+11  1.467E+10  459.3
  130.0  4.151E+10  1.077E+11  7.822E+09  541.5
  135.0  3.184E+10  7.202E+10  4.558E+09  616.0
  140.0  2.540E+10  5.091E+10  2.835E+09  683.4
  145.0  2.085E+10  3.748E+10  1.856E+09  744.3
  150.0  1.749E+10  2.846E+10  1.266E+09  799.5
  155.0  1.491E+10  2.214E+10  8.939E+08  849.5
  160.0  1.288E+10  1.756E+10  6.497E+08  894.7
  165.0  1.123E+10  1.415E+10  4.841E+08  935.7
  170.0  9.883E+09  1.155E+10  3.683E+08  972.8
  175.0  8.757E+09  9.538E+09  2.853E+08 1006.4
  180.0  7.807E+09  7.948E+09  2.244E+08 1036.9
  185.0  6.997E+09  6.676E+09  1.789E+08 1064.5
  190.0  6.301E+09  5.647E+09  1.443E+08 1089.5
  195.0  5.698E+09  4.805E+09  1.175E+08 1112.2
  200.0  5.172E+09  4.110E+09  9.657E+07 1132.7
  205.0  4.710E+09  3.531E+09  7.996E+07 1151.3
  210.0  4.302E+09  3.046E+09  6.664E+07 1168.2
  215.0  3.940E+09  2.637E+09  5.587E+07 1183.6
  220.0  3.616E+09  2.291E+09  4.709E+07 1197.5
  225.0  3.326E+09  1.995E+09  3.986E+07 1210.1
  230.0  3.066E+09  1.742E+09  3.388E+07 1221.5
  235.0  2.830E+09  1.525E+09  2.891E+07 1231.9
  240.0  2.617E+09  1.337E+09  2.474E+07 1241.3
  245.0  2.422E+09  1.174E+09  2.124E+07 1249.9
  250.0  2.246E+09  1.034E+09  1.827E+07 1257.7
  255.0  2.084E+09  9.108E+08  1.576E+07 1264.7
  260.0  1.936E+09  8.038E+08  1.362E+07 1271.1
  265.0  1.800E+09  7.103E+08  1.180E+07 1276.9
  270.0  1.675E+09  6.283E+08  1.023E+07 1282.2
  275.0  1.560E+09  5.564E+08  8.886E+06 1287.0
  280.0  1.454E+09  4.931E+08  7.729E+06 1291.4
  285.0  1.356E+09  4.375E+08  6.731E+06 1295.4
  290.0  1.265E+09  3.884E+08  5.868E+06 1299.0
  295.0  1.181E+09  3.451E+08  5.122E+06 1302.3
  300.0  1.104E+09  3.068E+08  4.474E+06 1305.2
  305.0  1.031E+09  2.730E+08  3.912E+06 1307.9
  310.0  9.640E+08  2.430E+08  3.423E+06 1310.4
  315.0  9.017E+08  2.165E+08  2.997E+06 1312.6
  320.0  8.437E+08  1.929E+08  2.626E+06 1314.7
  325.0  7.896E+08  1.720E+08  2.302E+06 1316.5
  330.0  7.393E+08  1.534E+08  2.020E+06 1318.2
  335.0  6.924E+08  1.369E+08  1.773E+06 1319.8
  340.0  6.486E+08  1.222E+08  1.557E+06 1321.2
  345.0  6.078E+08  1.091E+08  1.368E+06 1322.4
  350.0  5.696E+08  9.750E+07  1.202E+06 1323.6
  355.0  5.340E+08  8.714E+07  1.057E+06 1324.7
  360.0  5.007E+08  7.790E+07  9.299E+05 1325.6
  365.0  4.696E+08  6.966E+07  8.183E+05 1326.5
  370.0  4.405E+08  6.231E+07  7.204E+05 1327.3
  375.0  4.133E+08  5.575E+07  6.344E+05 1328.0
  380.0  3.878E+08  4.990E+07  5.588E+05 1328.7
  385.0  3.640E+08  4.467E+07  4.924E+05 1329.3
  390.0  3.417E+08  4.000E+07  4.340E+05 1329.8
  395.0  3.208E+08  3.583E+07  3.827E+05 1330.3
  400.0  3.012E+08  3.210E+07  3.375E+05 1330.8
  405.0  2.829E+08  2.876E+07  2.977E+05 1331.2
  410.0  2.657E+08  2.578E+07  2.627E+05 1331.6
  415.0  2.496E+08  2.311E+07  2.319E+05 1331.9
  420.0  2.345E+08  2.072E+07  2.047E+05 1332.3
  425.0  2.203E+08  1.859E+07  1.807E+05 1332.5
  430.0  2.070E+08  1.667E+07  1.596E+05 1332.8
  435.0  1.946E+08  1.496E+07  1.410E+05 1333.0
  440.0  1.829E+08  1.343E+07  1.246E+05 1333.3
  445.0  1.719E+08  1.205E+07  1.101E+05 1333.5
  450.0  1.616E+08  1.082E+07  9.736E+04 1333.6
  455.0  1.520E+08  9.713E+06  8.609E+04 1333.8
  460.0  1.429E+08  8.723E+06  7.614E+04 1334.0
  465.0  1.344E+08  7.835E+06  6.735E+04 1334.1
  470.0  1.264E+08  7.039E+06  5.959E+04 1334.2
  475.0  1.189E+08  6.325E+06  5.273E+04 1334.3
  480.0  1.119E+08  5.684E+06  4.667E+04 1334.5
  485.0  1.053E+08  5.109E+06  4.132E+04 1334.6
  490.0  9.904E+07  4.593E+06  3.658E+04 1334.6
  495.0  9.320E+07  4.130E+06  3.240E+04 1334.7
  500.0  8.772E+07  3.714E+06  2.870E+04 1334.8
  505.0  8.256E+07  3.341E+06  2.542E+04 1334.9
  510.0  7.772E+07  3.006E+06  2.253E+04 1334.9
  515.0  7.316E+07  2.704E+06  1.997E+04 1335.0
  520.0  6.888E+07  2.434E+06  1.770E+04 1335.0
  525.0  6.486E+07  2.190E+06  1.569E+04 1335.1
  530.0  6.108E+07  1.972E+06  1.392E+04 1335.1
  535.0  5.752E+07  1.775E+06  1.234E+04 1335.2
  540.0  5.417E+07  1.598E+06  1.095E+04 1335.2
  545.0  5.103E+07  1.440E+06  9.714E+03 1335.2
  550.0  4.807E+07  1.297E+06  8.621E+03 1335.3
  555.0  4.529E+07  1.168E+06  7.651E+03 1335.3
  560.0  4.267E+07  1.053E+06  6.792E+03 1335.3
  565.0  4.020E+07  9.486E+05  6.031E+03 1335.3
  570.0  3.789E+07  8.550E+05  5.356E+03 1335.4
  575.0  3.570E+07  7.707E+05  4.757E+03 1335.4
  580.0  3.365E+07  6.949E+05  4.226E+03 1335.4
  585.0  3.172E+07  6.266E+05  3.754E+03 1335.4
  590.0  2.990E+07  5.651E+05  3.336E+03 1335.4
  595.0  2.819E+07  5.097E+05  2.965E+03 1335.4
  600.0  2.658E+07  4.598E+05  2.636E+03 1335.5
  605.0  2.506E+07  4.149E+05  2.344E+03 1335.5
  610.0  2.363E+07  3.744E+05  2.084E+03 1335.5
  615.0  2.229E+07  3.379E+05  1.854E+03 1335.5
  620.0  2.102E+07  3.050E+05  1.649E+03 1335.5
  625.0  1.983E+07  2.754E+05  1.467E+03 1335.5
  630.0  1.871E+07  2.487E+05  1.306E+03 1335.5
  635.0  1.765E+07  2.246E+05  1.162E+03 1335.5
  640.0  1.665E+07  2.028E+05  1.034E+03 1335.5
  645.0  1.571E+07  1.832E+05  9.210E+02 1335.5
  650.0  1.482E+07  1.655E+05  8.201E+02 1335.5
  655.0  1.399E+07  1.496E+05  7.304E+02 1335.5
  660.0  1.320E+07  1.352E+05  6.506E+02 1335.5
  665.0  1.246E+07  1.222E+05  5.796E+02 1335.6
  670.0  1.176E+07  1.105E+05  5.165E+02 1335.6
  675.0  1.111E+07  9.986E+04  4.603E+02 1335.6
  680.0  1.049E+07  9.030E+04  4.103E+02 1335.6
  685.0  9.900E+06  8.167E+04  3.658E+02 1335.6
  690.0  9.348E+06  7.387E+04  3.261E+02 1335.6
  695.0  8.828E+06  6.683E+04  2.908E+02 1335.6
  700.0  8.338E+06  6.046E+04  2.594E+02 1335.6
  705.0  7.875E+06  5.471E+04  2.314E+02 1335.6
  710.0  7.438E+06  4.952E+04  2.065E+02 1335.6
  715.0  7.027E+06  4.482E+04  1.843E+02 1335.6
  720.0  6.638E+06  4.058E+04  1.645E+02 1335.6
  725.0  6.272E+06  3.674E+04  1.468E+02 1335.6
  730.0  5.926E+06  3.327E+04  1.311E+02 1335.6
  735.0  5.600E+06  3.013E+04  1.170E+02 1335.6
  740.0  5.292E+06  2.729E+04  1.045E+02 1335.6
  745.0  5.002E+06  2.473E+04  9.336E+01 1335.6
  750.0  4.728E+06  2.240E+04  8.341E+01 1335.6
  755.0  4.469E+06  2.030E+04  7.452E+01 1335.6
  760.0  4.225E+06  1.840E+04  6.660E+01 1335.6
  765.0  3.994E+06  1.668E+04  5.953E+01 1335.6
  770.0  3.776E+06  1.512E+04  5.321E+01 1335.6
  775.0  3.571E+06  1.371E+04  4.758E+01 1335.6
  780.0  3.376E+06  1.243E+04  4.254E+01 1335.6
  785.0  3.193E+06  1.127E+04  3.805E+01 1335.6
  790.0  3.020E+06  1.023E+04  3.404E+01 1335.6
  795.0  2.857E+06  9.277E+03  3.045E+01 1335.6
  800.0  2.702E+06  8.417E+03  2.725E+01 1335.6
  805.0  2.556E+06  7.638E+03  2.438E+01 1335.6
  810.0  2.418E+06  6.932E+03  2.182E+01 1335.6
  815.0  2.288E+06  6.292E+03  1.954E+01 1335.6
  820.0  2.165E+06  5.711E+03  1.749E+01 1335.6
  825.0  2.049E+06  5.186E+03  1.566E+01 1335.6
  830.0  1.939E+06  4.709E+03  1.403E+01 1335.6
  835.0  1.835E+06  4.276E+03  1.257E+01 1335.6
  840.0  1.737E+06  3.884E+03  1.126E+01 1335.6
  845.0  1.644E+06  3.528E+03  1.009E+01 1335.6
  850.0  1.556E+06  3.206E+03  9.041E+00 1335.6
  855.0  1.474E+06  2.913E+03  8.103E+00 1335.6
  860.0  1.395E+06  2.647E+03  7.264E+00 1335.6
  865.0  1.321E+06  2.406E+03  6.513E+00 1335.6
  870.0  1.251E+06  2.187E+03  5.840E+00 1335.6
  875.0  1.185E+06  1.988E+03  5.238E+00 1335.6
  880.0  1.122E+06  1.808E+03  4.698E+00 1335.6
  885.0  1.063E+06  1.644E+03  4.215E+00 1335.6
  890.0  1.007E+06  1.495E+03  3.782E+00 1335.6
  895.0  9.536E+05  1.360E+03  3.394E+00 1335.6
  900.0  9.034E+05  1.237E+03  3.046E+00 1335.6
  905.0  8.559E+05  1.126E+03  2.734E+00 1335.6
  910.0  8.110E+05  1.024E+03  2.455E+00 1335.6
  915.0  7.685E+05  9.323E+02  2.204E+00 1335.6
  920.0  7.283E+05  8.486E+02  1.979E+00 1335.6
  925.0  6.902E+05  7.725E+02  1.778E+00 1335.6
  930.0  6.542E+05  7.033E+02  1.597E+00 1335.6
  935.0  6.201E+05  6.404E+02  1.435E+00 1335.6
  940.0  5.878E+05  5.832E+02  1.289E+00 1335.6
  945.0  5.572E+05  5.312E+02  1.159E+00 1335.6
  950.0  5.283E+05  4.839E+02  1.042E+00 1335.6
  955.0  5.009E+05  4.408E+02  9.364E-01 1335.6
  960.0  4.750E+05  4.016E+02  8.419E-01 1335.6
  965.0  4.504E+05  3.660E+02  7.571E-01 1335.6
  970.0  4.271E+05  3.336E+02  6.809E-01 1335.6
  975.0  4.051E+05  3.040E+02  6.125E-01 1335.6
  980.0  3.842E+05  2.772E+02  5.510E-01 1335.6
  985.0  3.645E+05  2.527E+02  4.958E-01 1335.6
  990.0  3.458E+05  2.304E+02  4.461E-01 1335.6
  995.0  3.280E+05  2.101E+02  4.015E-01 1335.6
 1000.0  3.112E+05  1.917E+02  3.614E-01 1335.6
