ModelWeb Browser Results

nrlmsise model listing
Required input parameters
Year= 2000, Month=  6, Day= 21, Hour=12.00,
Time_type = Universal
Coordinate_type = Geographic
Latitude=    0.00, Longitude=    0.00, Height=   100.00
Prof. parameters: Start=    70.00 Stop=  1000.00 Step=     5.00

Optional input parameters:

Sunspot number(Rz12) =150.
Ionospheric index(IG12) =150.
Upper limit for Electron content = not specified
F peak model =  
Ne Topside =  
foF2 Storm model =  
Bottomside Thickness =  
F1 occurrence probability =  
D-Region Ne =  
Topside Te =  
Ion Composition =  

Selected output parameters:
1  Height, km
2  O, cm-3 
3  N2, cm-3
4  O2, cm-3
5  Temperature_neutral, K

1         2         3         4         5         
   70.0  0.000E+00  1.382E+15  3.624E+14  214.8
   75.0  5.646E+07  6.504E+14  1.682E+14  207.2
   80.0  3.313E+09  2.973E+14  7.556E+13  200.8
   85.0  5.577E+10  1.331E+14  3.298E+13  193.8
   90.0  2.686E+11  5.827E+13  1.391E+13  185.2
   95.0  4.964E+11  2.461E+13  5.549E+12  176.7
  100.0  4.854E+11  9.723E+12  2.011E+12  176.9
  105.0  3.354E+11  3.676E+12  6.730E+11  194.5
  110.0  2.052E+11  1.445E+12  2.282E+11  230.9
  115.0  1.242E+11  6.251E+11  8.430E+10  286.0
  120.0  7.747E+10  3.026E+11  3.493E+10  359.4
  125.0  5.201E+10  1.671E+11  1.667E+10  436.6
  130.0  3.762E+10  1.032E+11  9.005E+09  505.0
  135.0  2.858E+10  6.845E+10  5.304E+09  566.5
  140.0  2.250E+10  4.781E+10  3.339E+09  621.8
  145.0  1.820E+10  3.470E+10  2.215E+09  671.6
  150.0  1.504E+10  2.593E+10  1.532E+09  716.3
  155.0  1.263E+10  1.984E+10  1.096E+09  756.6
  160.0  1.076E+10  1.546E+10  8.057E+08  792.8
  165.0  9.261E+09  1.224E+10  6.057E+08  825.4
  170.0  8.048E+09  9.810E+09  4.637E+08  854.7
  175.0  7.048E+09  7.950E+09  3.604E+08  881.1
  180.0  6.213E+09  6.502E+09  2.837E+08  904.9
  185.0  5.508E+09  5.359E+09  2.257E+08  926.3
  190.0  4.907E+09  4.447E+09  1.812E+08  945.6
  195.0  4.391E+09  3.712E+09  1.466E+08  963.0
  200.0  3.944E+09  3.114E+09  1.194E+08  978.6
  205.0  3.554E+09  2.624E+09  9.778E+07  992.7
  210.0  3.212E+09  2.220E+09  8.050E+07 1005.4
  215.0  2.911E+09  1.884E+09  6.658E+07 1016.9
  220.0  2.643E+09  1.605E+09  5.528E+07 1027.2
  225.0  2.406E+09  1.370E+09  4.606E+07 1036.5
  230.0  2.193E+09  1.173E+09  3.850E+07 1044.9
  235.0  2.003E+09  1.006E+09  3.226E+07 1052.5
  240.0  1.832E+09  8.647E+08  2.711E+07 1059.3
  245.0  1.677E+09  7.446E+08  2.282E+07 1065.5
  250.0  1.538E+09  6.422E+08  1.926E+07 1071.0
  255.0  1.411E+09  5.546E+08  1.628E+07 1076.0
  260.0  1.297E+09  4.797E+08  1.378E+07 1080.6
  265.0  1.192E+09  4.153E+08  1.168E+07 1084.6
  270.0  1.097E+09  3.600E+08  9.918E+06 1088.3
  275.0  1.010E+09  3.124E+08  8.430E+06 1091.7
  280.0  9.308E+08  2.713E+08  7.173E+06 1094.7
  285.0  8.582E+08  2.358E+08  6.110E+06 1097.4
  290.0  7.918E+08  2.051E+08  5.209E+06 1099.9
  295.0  7.308E+08  1.785E+08  4.445E+06 1102.1
  300.0  6.748E+08  1.555E+08  3.796E+06 1104.1
  305.0  6.234E+08  1.356E+08  3.244E+06 1105.9
  310.0  5.761E+08  1.182E+08  2.774E+06 1107.5
  315.0  5.326E+08  1.032E+08  2.374E+06 1109.0
  320.0  4.926E+08  9.006E+07  2.032E+06 1110.4
  325.0  4.557E+08  7.866E+07  1.741E+06 1111.6
  330.0  4.218E+08  6.874E+07  1.492E+06 1112.7
  335.0  3.904E+08  6.009E+07  1.280E+06 1113.7
  340.0  3.615E+08  5.255E+07  1.098E+06 1114.6
  345.0  3.348E+08  4.598E+07  9.425E+05 1115.4
  350.0  3.102E+08  4.024E+07  8.093E+05 1116.1
  355.0  2.874E+08  3.523E+07  6.952E+05 1116.8
  360.0  2.664E+08  3.085E+07  5.974E+05 1117.4
  365.0  2.469E+08  2.703E+07  5.136E+05 1117.9
  370.0  2.289E+08  2.369E+07  4.417E+05 1118.4
  375.0  2.123E+08  2.076E+07  3.799E+05 1118.9
  380.0  1.969E+08  1.821E+07  3.270E+05 1119.3
  385.0  1.827E+08  1.597E+07  2.814E+05 1119.6
  390.0  1.695E+08  1.401E+07  2.423E+05 1120.0
  395.0  1.573E+08  1.229E+07  2.087E+05 1120.3
  400.0  1.460E+08  1.079E+07  1.798E+05 1120.5
  405.0  1.355E+08  9.473E+06  1.550E+05 1120.8
  410.0  1.258E+08  8.319E+06  1.336E+05 1121.0
  415.0  1.168E+08  7.307E+06  1.152E+05 1121.2
  420.0  1.085E+08  6.420E+06  9.936E+04 1121.4
  425.0  1.007E+08  5.642E+06  8.572E+04 1121.6
  430.0  9.356E+07  4.959E+06  7.397E+04 1121.7
  435.0  8.692E+07  4.360E+06  6.385E+04 1121.9
  440.0  8.076E+07  3.834E+06  5.513E+04 1122.0
  445.0  7.505E+07  3.372E+06  4.761E+04 1122.1
  450.0  6.975E+07  2.967E+06  4.112E+04 1122.2
  455.0  6.483E+07  2.610E+06  3.553E+04 1122.3
  460.0  6.026E+07  2.297E+06  3.070E+04 1122.4
  465.0  5.603E+07  2.022E+06  2.654E+04 1122.5
  470.0  5.209E+07  1.781E+06  2.295E+04 1122.5
  475.0  4.844E+07  1.568E+06  1.984E+04 1122.6
  480.0  4.505E+07  1.381E+06  1.717E+04 1122.6
  485.0  4.191E+07  1.217E+06  1.485E+04 1122.7
  490.0  3.898E+07  1.072E+06  1.285E+04 1122.7
  495.0  3.627E+07  9.450E+05  1.112E+04 1122.8
  500.0  3.374E+07  8.330E+05  9.631E+03 1122.8
  505.0  3.140E+07  7.344E+05  8.340E+03 1122.9
  510.0  2.922E+07  6.477E+05  7.224E+03 1122.9
  515.0  2.720E+07  5.712E+05  6.258E+03 1122.9
  520.0  2.532E+07  5.039E+05  5.423E+03 1123.0
  525.0  2.357E+07  4.446E+05  4.700E+03 1123.0
  530.0  2.195E+07  3.924E+05  4.074E+03 1123.0
  535.0  2.044E+07  3.464E+05  3.533E+03 1123.0
  540.0  1.903E+07  3.058E+05  3.064E+03 1123.0
  545.0  1.772E+07  2.700E+05  2.658E+03 1123.1
  550.0  1.651E+07  2.384E+05  2.306E+03 1123.1
  555.0  1.538E+07  2.106E+05  2.001E+03 1123.1
  560.0  1.433E+07  1.861E+05  1.737E+03 1123.1
  565.0  1.335E+07  1.644E+05  1.508E+03 1123.1
  570.0  1.244E+07  1.453E+05  1.309E+03 1123.1
  575.0  1.159E+07  1.285E+05  1.137E+03 1123.1
  580.0  1.081E+07  1.136E+05  9.878E+02 1123.1
  585.0  1.007E+07  1.004E+05  8.583E+02 1123.1
  590.0  9.390E+06  8.882E+04  7.459E+02 1123.2
  595.0  8.754E+06  7.857E+04  6.484E+02 1123.2
  600.0  8.163E+06  6.952E+04  5.637E+02 1123.2
  605.0  7.612E+06  6.152E+04  4.902E+02 1123.2
  610.0  7.099E+06  5.444E+04  4.263E+02 1123.2
  615.0  6.621E+06  4.820E+04  3.709E+02 1123.2
  620.0  6.176E+06  4.267E+04  3.227E+02 1123.2
  625.0  5.762E+06  3.779E+04  2.809E+02 1123.2
  630.0  5.375E+06  3.347E+04  2.445E+02 1123.2
  635.0  5.016E+06  2.965E+04  2.128E+02 1123.2
  640.0  4.680E+06  2.627E+04  1.853E+02 1123.2
  645.0  4.368E+06  2.328E+04  1.614E+02 1123.2
  650.0  4.077E+06  2.063E+04  1.406E+02 1123.2
  655.0  3.806E+06  1.829E+04  1.225E+02 1123.2
  660.0  3.553E+06  1.621E+04  1.068E+02 1123.2
  665.0  3.317E+06  1.438E+04  9.309E+01 1123.2
  670.0  3.097E+06  1.275E+04  8.116E+01 1123.2
  675.0  2.892E+06  1.131E+04  7.077E+01 1123.2
  680.0  2.701E+06  1.004E+04  6.172E+01 1123.2
  685.0  2.523E+06  8.906E+03  5.385E+01 1123.2
  690.0  2.356E+06  7.904E+03  4.698E+01 1123.2
  695.0  2.201E+06  7.016E+03  4.100E+01 1123.2
  700.0  2.057E+06  6.229E+03  3.579E+01 1123.2
  705.0  1.922E+06  5.531E+03  3.124E+01 1123.2
  710.0  1.796E+06  4.913E+03  2.728E+01 1123.2
  715.0  1.678E+06  4.364E+03  2.383E+01 1123.2
  720.0  1.568E+06  3.877E+03  2.081E+01 1123.2
  725.0  1.466E+06  3.445E+03  1.818E+01 1123.2
  730.0  1.370E+06  3.061E+03  1.589E+01 1123.2
  735.0  1.281E+06  2.721E+03  1.389E+01 1123.2
  740.0  1.198E+06  2.419E+03  1.214E+01 1123.2
  745.0  1.120E+06  2.151E+03  1.062E+01 1123.2
  750.0  1.048E+06  1.913E+03  9.285E+00 1123.2
  755.0  9.797E+05  1.702E+03  8.121E+00 1123.2
  760.0  9.164E+05  1.514E+03  7.105E+00 1123.2
  765.0  8.572E+05  1.347E+03  6.217E+00 1123.2
  770.0  8.019E+05  1.199E+03  5.441E+00 1123.2
  775.0  7.503E+05  1.067E+03  4.763E+00 1123.2
  780.0  7.020E+05  9.496E+02  4.170E+00 1123.2
  785.0  6.570E+05  8.455E+02  3.652E+00 1123.2
  790.0  6.148E+05  7.529E+02  3.198E+00 1123.2
  795.0  5.754E+05  6.705E+02  2.802E+00 1123.2
  800.0  5.386E+05  5.973E+02  2.455E+00 1123.2
  805.0  5.042E+05  5.321E+02  2.151E+00 1123.2
  810.0  4.721E+05  4.742E+02  1.886E+00 1123.2
  815.0  4.420E+05  4.226E+02  1.653E+00 1123.2
  820.0  4.139E+05  3.767E+02  1.449E+00 1123.2
  825.0  3.876E+05  3.358E+02  1.271E+00 1123.2
  830.0  3.630E+05  2.994E+02  1.115E+00 1123.2
  835.0  3.400E+05  2.670E+02  9.781E-01 1123.2
  840.0  3.185E+05  2.381E+02  8.583E-01 1123.2
  845.0  2.984E+05  2.124E+02  7.532E-01 1123.2
  850.0  2.795E+05  1.895E+02  6.612E-01 1123.2
  855.0  2.619E+05  1.691E+02  5.805E-01 1123.2
  860.0  2.454E+05  1.509E+02  5.097E-01 1123.2
  865.0  2.300E+05  1.347E+02  4.477E-01 1123.2
  870.0  2.156E+05  1.203E+02  3.932E-01 1123.2
  875.0  2.021E+05  1.074E+02  3.455E-01 1123.2
  880.0  1.894E+05  9.592E+01  3.036E-01 1123.2
  885.0  1.776E+05  8.567E+01  2.668E-01 1123.2
  890.0  1.665E+05  7.654E+01  2.345E-01 1123.2
  895.0  1.561E+05  6.838E+01  2.062E-01 1123.2
  900.0  1.464E+05  6.111E+01  1.813E-01 1123.2
  905.0  1.373E+05  5.461E+01  1.595E-01 1123.2
  910.0  1.288E+05  4.882E+01  1.403E-01 1123.2
  915.0  1.208E+05  4.364E+01  1.234E-01 1123.2
  920.0  1.133E+05  3.903E+01  1.086E-01 1123.2
  925.0  1.063E+05  3.490E+01  9.560E-02 1123.2
  930.0  9.973E+04  3.122E+01  8.416E-02 1123.2
  935.0  9.358E+04  2.792E+01  7.410E-02 1123.2
  940.0  8.782E+04  2.498E+01  6.525E-02 1123.2
  945.0  8.241E+04  2.236E+01  5.747E-02 1123.2
  950.0  7.735E+04  2.001E+01  5.063E-02 1123.2
  955.0  7.261E+04  1.791E+01  4.460E-02 1123.2
  960.0  6.816E+04  1.603E+01  3.931E-02 1123.2
  965.0  6.399E+04  1.436E+01  3.464E-02 1123.2
  970.0  6.008E+04  1.286E+01  3.054E-02 1123.2
  975.0  5.641E+04  1.152E+01  2.692E-02 1123.2
  980.0  5.297E+04  1.032E+01  2.374E-02 1123.2
  985.0  4.975E+04  9.242E+00  2.094E-02 1123.2
  990.0  4.672E+04  8.282E+00  1.847E-02 1123.2
  995.0  4.389E+04  7.422E+00  1.630E-02 1123.2
 1000.0  4.123E+04  6.653E+00  1.438E-02 1123.2
