ModelWeb Browser Results

nrlmsise model listing
Required input parameters
Year= 2000, Month=  6, Day= 21, Hour=12.00,
Time_type = Universal
Coordinate_type = Geographic
Latitude=    0.00, Longitude=    0.00, Height=   100.00
Prof. parameters: Start=    70.00 Stop=  1000.00 Step=     5.00

Optional input parameters:

Sunspot number(Rz12) =80.
Ionospheric index(IG12) =80.
Upper limit for Electron content = not specified
F peak model =  
Ne Topside =  
foF2 Storm model =  
Bottomside Thickness =  
F1 occurrence probability =  
D-Region Ne =  
Topside Te =  
Ion Composition =  

Selected output parameters:
1  Height, km
2  O, cm-3 
3  N2, cm-3
4  O2, cm-3
5  Temperature_neutral, K

1         2         3         4         5         
   70.0  0.000E+00  1.380E+15  3.683E+14  214.8
   75.0  5.303E+07  6.518E+14  1.733E+14  207.1
   80.0  3.105E+09  2.981E+14  7.871E+13  200.5
   85.0  5.203E+10  1.333E+14  3.477E+13  193.4
   90.0  2.488E+11  5.818E+13  1.485E+13  185.2
   95.0  4.567E+11  2.452E+13  6.023E+12  177.4
  100.0  4.469E+11  9.754E+12  2.241E+12  176.9
  105.0  3.108E+11  3.731E+12  7.734E+11  190.8
  110.0  1.898E+11  1.465E+12  2.658E+11  221.6
  115.0  1.123E+11  6.181E+11  9.678E+10  273.4
  120.0  6.812E+10  2.908E+11  3.935E+10  346.1
  125.0  4.560E+10  1.605E+11  1.897E+10  413.3
  130.0  3.301E+10  9.924E+10  1.040E+10  466.4
  135.0  2.491E+10  6.536E+10  6.192E+09  512.7
  140.0  1.939E+10  4.505E+10  3.935E+09  553.2
  145.0  1.547E+10  3.213E+10  2.633E+09  588.6
  150.0  1.259E+10  2.353E+10  1.836E+09  619.6
  155.0  1.041E+10  1.759E+10  1.320E+09  646.6
  160.0  8.729E+09  1.338E+10  9.728E+08  670.3
  165.0  7.398E+09  1.031E+10  7.300E+08  691.0
  170.0  6.328E+09  8.034E+09  5.557E+08  709.1
  175.0  5.454E+09  6.322E+09  4.277E+08  725.0
  180.0  4.731E+09  5.014E+09  3.320E+08  738.9
  185.0  4.126E+09  4.003E+09  2.595E+08  751.0
  190.0  3.614E+09  3.214E+09  2.040E+08  761.7
  195.0  3.178E+09  2.593E+09  1.611E+08  771.0
  200.0  2.804E+09  2.101E+09  1.278E+08  779.2
  205.0  2.481E+09  1.709E+09  1.016E+08  786.3
  210.0  2.201E+09  1.394E+09  8.106E+07  792.6
  215.0  1.956E+09  1.141E+09  6.481E+07  798.1
  220.0  1.742E+09  9.355E+08  5.193E+07  802.9
  225.0  1.553E+09  7.689E+08  4.168E+07  807.1
  230.0  1.387E+09  6.331E+08  3.351E+07  810.8
  235.0  1.240E+09  5.222E+08  2.698E+07  814.1
  240.0  1.110E+09  4.314E+08  2.175E+07  816.9
  245.0  9.949E+08  3.568E+08  1.756E+07  819.5
  250.0  8.922E+08  2.955E+08  1.418E+07  821.7
  255.0  8.007E+08  2.450E+08  1.147E+07  823.6
  260.0  7.191E+08  2.033E+08  9.284E+06  825.3
  265.0  6.462E+08  1.688E+08  7.521E+06  826.8
  270.0  5.811E+08  1.404E+08  6.096E+06  828.1
  275.0  5.227E+08  1.168E+08  4.945E+06  829.2
  280.0  4.705E+08  9.719E+07  4.014E+06  830.2
  285.0  4.236E+08  8.096E+07  3.260E+06  831.1
  290.0  3.816E+08  6.747E+07  2.649E+06  831.9
  295.0  3.438E+08  5.627E+07  2.154E+06  832.6
  300.0  3.099E+08  4.695E+07  1.752E+06  833.2
  305.0  2.795E+08  3.919E+07  1.426E+06  833.7
  310.0  2.521E+08  3.273E+07  1.161E+06  834.2
  315.0  2.274E+08  2.734E+07  9.459E+05  834.6
  320.0  2.052E+08  2.285E+07  7.708E+05  835.0
  325.0  1.852E+08  1.911E+07  6.284E+05  835.3
  330.0  1.672E+08  1.598E+07  5.126E+05  835.6
  335.0  1.510E+08  1.338E+07  4.182E+05  835.8
  340.0  1.364E+08  1.120E+07  3.413E+05  836.0
  345.0  1.233E+08  9.375E+06  2.787E+05  836.2
  350.0  1.114E+08  7.853E+06  2.276E+05  836.4
  355.0  1.007E+08  6.580E+06  1.860E+05  836.5
  360.0  9.100E+07  5.515E+06  1.520E+05  836.7
  365.0  8.227E+07  4.624E+06  1.243E+05  836.8
  370.0  7.440E+07  3.878E+06  1.017E+05  836.9
  375.0  6.729E+07  3.253E+06  8.319E+04  837.0
  380.0  6.087E+07  2.730E+06  6.809E+04  837.1
  385.0  5.508E+07  2.292E+06  5.574E+04  837.1
  390.0  4.984E+07  1.924E+06  4.565E+04  837.2
  395.0  4.511E+07  1.616E+06  3.740E+04  837.2
  400.0  4.083E+07  1.358E+06  3.065E+04  837.3
  405.0  3.697E+07  1.141E+06  2.513E+04  837.3
  410.0  3.348E+07  9.590E+05  2.060E+04  837.4
  415.0  3.032E+07  8.063E+05  1.690E+04  837.4
  420.0  2.746E+07  6.782E+05  1.387E+04  837.4
  425.0  2.488E+07  5.705E+05  1.138E+04  837.5
  430.0  2.254E+07  4.801E+05  9.343E+03  837.5
  435.0  2.043E+07  4.041E+05  7.673E+03  837.5
  440.0  1.851E+07  3.402E+05  6.303E+03  837.5
  445.0  1.678E+07  2.865E+05  5.179E+03  837.5
  450.0  1.522E+07  2.413E+05  4.257E+03  837.6
  455.0  1.380E+07  2.033E+05  3.500E+03  837.6
  460.0  1.251E+07  1.714E+05  2.879E+03  837.6
  465.0  1.135E+07  1.445E+05  2.368E+03  837.6
  470.0  1.029E+07  1.218E+05  1.949E+03  837.6
  475.0  9.340E+06  1.027E+05  1.604E+03  837.6
  480.0  8.475E+06  8.667E+04  1.321E+03  837.6
  485.0  7.691E+06  7.314E+04  1.088E+03  837.6
  490.0  6.981E+06  6.173E+04  8.964E+02  837.6
  495.0  6.338E+06  5.212E+04  7.387E+02  837.6
  500.0  5.754E+06  4.401E+04  6.089E+02  837.6
  505.0  5.225E+06  3.718E+04  5.021E+02  837.6
  510.0  4.745E+06  3.141E+04  4.141E+02  837.6
  515.0  4.310E+06  2.655E+04  3.417E+02  837.6
  520.0  3.916E+06  2.244E+04  2.820E+02  837.6
  525.0  3.558E+06  1.897E+04  2.328E+02  837.6
  530.0  3.233E+06  1.605E+04  1.922E+02  837.6
  535.0  2.938E+06  1.357E+04  1.588E+02  837.6
  540.0  2.670E+06  1.149E+04  1.312E+02  837.6
  545.0  2.428E+06  9.721E+03  1.084E+02  837.7
  550.0  2.207E+06  8.230E+03  8.961E+01  837.7
  555.0  2.007E+06  6.969E+03  7.409E+01  837.7
  560.0  1.825E+06  5.902E+03  6.128E+01  837.7
  565.0  1.660E+06  5.000E+03  5.070E+01  837.7
  570.0  1.510E+06  4.237E+03  4.196E+01  837.7
  575.0  1.374E+06  3.591E+03  3.473E+01  837.7
  580.0  1.250E+06  3.045E+03  2.876E+01  837.7
  585.0  1.138E+06  2.582E+03  2.382E+01  837.7
  590.0  1.036E+06  2.190E+03  1.973E+01  837.7
  595.0  9.430E+05  1.858E+03  1.635E+01  837.7
  600.0  8.585E+05  1.577E+03  1.356E+01  837.7
  605.0  7.817E+05  1.338E+03  1.124E+01  837.7
  610.0  7.119E+05  1.136E+03  9.322E+00  837.7
  615.0  6.484E+05  9.647E+02  7.733E+00  837.7
  620.0  5.907E+05  8.194E+02  6.417E+00  837.7
  625.0  5.382E+05  6.962E+02  5.327E+00  837.7
  630.0  4.904E+05  5.916E+02  4.422E+00  837.7
  635.0  4.469E+05  5.029E+02  3.673E+00  837.7
  640.0  4.073E+05  4.275E+02  3.051E+00  837.7
  645.0  3.713E+05  3.636E+02  2.535E+00  837.7
  650.0  3.385E+05  3.092E+02  2.107E+00  837.7
  655.0  3.086E+05  2.631E+02  1.752E+00  837.7
  660.0  2.814E+05  2.239E+02  1.457E+00  837.7
  665.0  2.567E+05  1.906E+02  1.212E+00  837.7
  670.0  2.341E+05  1.622E+02  1.008E+00  837.7
  675.0  2.136E+05  1.382E+02  8.390E-01  837.7
  680.0  1.949E+05  1.177E+02  6.984E-01  837.7
  685.0  1.778E+05  1.003E+02  5.816E-01  837.7
  690.0  1.623E+05  8.543E+01  4.844E-01  837.7
  695.0  1.481E+05  7.282E+01  4.035E-01  837.7
  700.0  1.352E+05  6.208E+01  3.363E-01  837.7
  705.0  1.235E+05  5.294E+01  2.803E-01  837.7
  710.0  1.127E+05  4.515E+01  2.337E-01  837.7
  715.0  1.029E+05  3.852E+01  1.949E-01  837.7
  720.0  9.402E+04  3.287E+01  1.626E-01  837.7
  725.0  8.588E+04  2.805E+01  1.357E-01  837.7
  730.0  7.846E+04  2.395E+01  1.132E-01  837.7
  735.0  7.169E+04  2.045E+01  9.452E-02  837.7
  740.0  6.551E+04  1.746E+01  7.893E-02  837.7
  745.0  5.987E+04  1.492E+01  6.593E-02  837.7
  750.0  5.472E+04  1.275E+01  5.508E-02  837.7
  755.0  5.003E+04  1.089E+01  4.603E-02  837.7
  760.0  4.574E+04  9.313E+00  3.847E-02  837.7
  765.0  4.182E+04  7.963E+00  3.217E-02  837.7
  770.0  3.825E+04  6.810E+00  2.690E-02  837.7
  775.0  3.498E+04  5.825E+00  2.250E-02  837.7
  780.0  3.200E+04  4.984E+00  1.883E-02  837.7
  785.0  2.927E+04  4.265E+00  1.576E-02  837.7
  790.0  2.678E+04  3.651E+00  1.319E-02  837.7
  795.0  2.451E+04  3.126E+00  1.105E-02  837.7
  800.0  2.243E+04  2.677E+00  9.253E-03  837.7
  805.0  2.053E+04  2.293E+00  7.752E-03  837.7
  810.0  1.879E+04  1.964E+00  6.496E-03  837.7
  815.0  1.721E+04  1.683E+00  5.445E-03  837.7
  820.0  1.575E+04  1.442E+00  4.565E-03  837.7
  825.0  1.443E+04  1.236E+00  3.828E-03  837.7
  830.0  1.321E+04  1.060E+00  3.211E-03  837.7
  835.0  1.210E+04  9.093E-01  2.694E-03  837.7
  840.0  1.109E+04  7.800E-01  2.261E-03  837.7
  845.0  1.016E+04  6.692E-01  1.898E-03  837.7
  850.0  9.308E+03  5.743E-01  1.594E-03  837.7
  855.0  8.530E+03  4.930E-01  1.338E-03  837.7
  860.0  7.818E+03  4.232E-01  1.124E-03  837.7
  865.0  7.166E+03  3.634E-01  9.446E-04  837.7
  870.0  6.570E+03  3.122E-01  7.939E-04  837.7
  875.0  6.024E+03  2.682E-01  6.674E-04  837.7
  880.0  5.524E+03  2.304E-01  5.612E-04  837.7
  885.0  5.066E+03  1.980E-01  4.720E-04  837.7
  890.0  4.646E+03  1.702E-01  3.970E-04  837.7
  895.0  4.262E+03  1.464E-01  3.341E-04  837.7
  900.0  3.910E+03  1.259E-01  2.812E-04  837.7
  905.0  3.588E+03  1.083E-01  2.367E-04  837.7
  910.0  3.292E+03  9.315E-02  1.993E-04  837.7
  915.0  3.021E+03  8.016E-02  1.679E-04  837.7
  920.0  2.773E+03  6.900E-02  1.414E-04  837.7
  925.0  2.546E+03  5.940E-02  1.192E-04  837.7
  930.0  2.337E+03  5.114E-02  1.005E-04  837.7
  935.0  2.146E+03  4.405E-02  8.468E-05  837.7
  940.0  1.970E+03  3.794E-02  7.141E-05  837.7
  945.0  1.810E+03  3.269E-02  6.023E-05  837.7
  950.0  1.662E+03  2.817E-02  5.081E-05  837.7
  955.0  1.527E+03  2.428E-02  4.288E-05  837.7
  960.0  1.403E+03  2.093E-02  3.619E-05  837.7
  965.0  1.289E+03  1.805E-02  3.055E-05  837.7
  970.0  1.184E+03  1.557E-02  2.580E-05  837.7
  975.0  1.088E+03  1.343E-02  2.179E-05  837.7
  980.0  1.000E+03  1.159E-02  1.841E-05  837.7
  985.0  9.197E+02  1.000E-02  1.556E-05  837.7
  990.0  8.455E+02  8.631E-03  1.315E-05  837.7
  995.0  7.774E+02  7.452E-03  1.112E-05  837.7
 1000.0  7.149E+02  6.435E-03  9.399E-06  837.7
